211
43919
25972
22854
5419
43804
51192
16936
31576
43015
58566
52752
65349
4301
13539
34293
1728
12047
45727
20345
21324
41048
46476
34460
56313
5390
12588
47798
64900
35131
33248
58657
20369
48707
58288
46401
43848
49771
16301
52851
53130
54743
49587
63993
563
58028
59985
27795
51130
34987
62963
2900
8736
63540
46744
24398
56841
44315
23736
46727
32879
3021
14719
45564
43681
6059
56097
15465
27805
56694
4043
8215
31578
60614
6361
61822
7052
48896
44360
5407
58705
8247
10932
42198
6462
58477
61928
20895
2302
56161
898
49149
23777
48999
55906
6855
64922
54716
27391
6633
14180
34132
32582
16756
29374
5667
29033
30105
27715
43148
42562
50513
59575
4632
55898
20912
45445
46379
48682
11035
63953
54399
31322
55639
21935
31252
32859
31693
63145
55331
10314
18424
16821
30558
11615
55158
41160
55177
15054
41637
33494
12112
36094
23040
35799
43987
10502
60046
33404
5712
